64
8
4
86
8
4
164
138
4
62
4
68
40
12
10
12
14
10
36
16
6
16
20
28
52
26
6
152
34
6
8
78
20
26
16
10
116
18
10
10
10
78
36
32
72
76
8
16
36
32
20
48
8
106
36
82
122
10
16
128
4
20
8
4
82
8
4
24
90
8
12
32
16
8
8
18
106
12
32
66
10
12
118
56
56
46
53
10
21
48
42
6
18
48
58
58
28
17
42
161
8
15
18
4
102
30
4
30
30
4
8
80
4
8
4
4
4
254
4
8
12
28
18
8
4
4
38
168
12
22
14
26
1
9
13
15
14
14
109
8
12
2
31
8
8
6
11
28
7
13
2
8
18
16
2
49
117
2
4
2
61
57
51
16
11
4
4
71
4
17
4
25
26
38
28
13
92
2
79
9
62
4
4
11
5
1
6
4
58
36
6
4
25
2
32
60
4
2
119
2
8
59
14
6
2
27
6
6
111
106
4
21
8
6
14
78
3
1
152
113
9
226
19
17
2
5
16
16
9
12
12
3
3
3
3
4
2
15
4
2
17
13
17
13
5
5
5
5
11
11
5
15
5
15
2
2
2
2
2
2
2
2
2
2
10
10
5
76
11
6
141
76
11
6
141
3
72
14
6
61
51
51
10
38
2
4
4
8
4
23
23
36
50
91
346
110
708
72
12
36
6
44
22
150
77
22
164
10
5
38
3
25
3
50
9
27
5
3
2
20
2
9
56
2
2
2
2
69
2
2
4
2
2
4
2
2
3
5
8
27
7
50
3
16
19
15
40
3
40
71
9
11
6
4
40
5
3
91
7
8
17
5
3
20
67
7
32
3
13
46
15
118
3
40
71
9
15
18
4
69
3
90
7
11
14
4
7
1
11
3
1
56
4
7
5
36
2
12
8
18
11
143
19
16
13
20
2
2
23
28
13
30
2
2
27
28
8
37
22
105
3
5
21
73
166
58
35
2
36
85
2
36
80
2
105
3
47
8
2
5
8
40
31
41
6
2
105
3
47
8
3
4
4
8
40
38
78
15
8
16
98
16
16
3
6
4
3
6
4
35
38
4
19
2
54
14
8
16
11
4
12
23
11
43
27
7
7
17
3
3
55
12
2
46
14
11
8
1
12
36
11
48
18
7
5
17
2
3
101
14
45
19
44
21
52
39
29
18
29
2
1
1
61
1
1
41
29
336
6
21
2
4
5
6
2
2
2
6
13
8
9
11
15
9
7
9
8
10
4
127
63
64
40
42
8
8
11
2
49
17
15
16
16
21
23
18
23
19
2
6
21
2
4
5
6
2
2
2
6
13
8
9
11
15
10
9
7
9
8
10
4
127
63
64
40
42
8
8
2
2
49
17
2
15
16
16
22
23
24
23
19
2
4
2
2
6
2
6
33
33
4
4
2
13
19
107
2
13
19
107
14
13
14
35
1
29
2
26
3
14
25
14
32
1
29
2
8
8
7
7
27
62
27
62
2
177
2
177
3
19
38
10
6
7
19
38
10
6
7
1
1
17
1
17
1
2
47
14
10
17
38
5
17
5
2
68
14
10
17
38
5
17
5
2
4
5
27
4
19
27
4
19
22
22
4
1
8
31
18
6
6
4
1
8
31
18
9
10
4
9
4
10
10
13
12
29
37
10
13
12
29
37
7
6
7
6
45
6
65
45
6
65
10
10
3
3
3
77
42
3
77
42
14
4
4
2
6
18
18
24
35
4
7
3
66
6
36
1
6
20
5
9
8
9
3
3
4
5
4
23
9
12
14
84
5
4
7
4
16
15
20
17
5
2
10
41
4
27
45
1
3
15
305
47
137
20
69
5
5
9
10
28
17
19
4
17
107
12
192
28
6
1
2
6
36
2
13
4
11
78
14
12
5
59
9
20
68
64
87
100
72
66
71
68
56
59
4
37
33
81
4
17
71
62
2
12
64
36
44
65
39
12
55
25
38
11
3
11
132
20
3
17
4
3
4
4
10
9
34
25
26
28
11
29
24
26
30
1
2
4
11
9
2
10
2
23
4
2
50
8
8
23
27
6
12
4
18
5
11
5
87
25
16
10
20
32
6
9
38
28
4
26
4
4
21
13
33
16
14
12
23
23
15
11
17
9
65
20
23
12
25
1
2
52
1
69
54
14
56
24
3
29
63
25
52
8
28
63
6
15
89
3
2
138
8
26
10
30
2
1
2
1
34
2
1
2
5
2
3
216
3
8
43
4
13
2
9
3
11
8
1
1
3
33
19
25
6
4
12
10
4
2
2
30
2
2
15
2
2
5
26
47
12
5
10
8
39
2
8
2
27
29
3
6